data	1820	10648.7	1195.1	3.6	3335	15182.4	15182.4	0.701384498
data	1821	10648.7	1195.1	3.6	3335	15182.4	15182.4	0.701384498
data	1822	10648.7	1195.1	3.6	3335	15182.4	15182.4	0.701384498
data	1823	10648.7	1195.1	3.6	3335	15182.4	15182.4	0.701384498
data	1824	10648.7	1195.1	3.6	3335	15182.4	15182.4	0.701384498
data	1825	10648.7	1195.1	3.6	3335	15182.4	15182.4	0.701384498
data	1826	10648.7	1195.1	3.6	3335	15182.4	15182.4	0.701384498
data	1827	10648.7	1195.1	3.6	3335	15182.4	15182.4	0.701384498
data	1828	10648.7	1195.1	3.6	3335	15182.4	15182.4	0.701384498
data	1829	10648.7	1195.1	3.6	3335	15182.4	15182.4	0.701384498
data	1830	49568.1	3342.4	5.3	6996.5	59912.3	59912.3	0.827344302
data	1831	49568.1	3342.4	5.3	6996.5	59912.3	59912.3	0.827344302
data	1832	49568.1	3342.4	5.3	6996.5	59912.3	59912.3	0.827344302
data	1833	49568.1	3342.4	5.3	6996.5	59912.3	59912.3	0.827344302
data	1834	49568.1	3342.4	5.3	6996.5	59912.3	59912.3	0.827344302
data	1835	49568.1	3342.4	5.3	6996.5	59912.3	59912.3	0.827344302
data	1836	49568.1	3342.4	5.3	6996.5	59912.3	59912.3	0.827344302
data	1837	49568.1	3342.4	5.3	6996.5	59912.3	59912.3	0.827344302
data	1838	49568.1	3342.4	5.3	6996.5	59912.3	59912.3	0.827344302
data	1839	49568.1	3342.4	5.3	6996.5	59912.3	59912.3	0.827344302
data	1840	159744.2	6246.9	14.1	5319.9	171325.1	171325.1	0.93240395
data	1841	159744.2	6246.9	14.1	5319.9	171325.1	171325.1	0.93240395
data	1842	159744.2	6246.9	14.1	5319.9	171325.1	171325.1	0.93240395
data	1843	159744.2	6246.9	14.1	5319.9	171325.1	171325.1	0.93240395
data	1844	159744.2	6246.9	14.1	5319.9	171325.1	171325.1	0.93240395
data	1845	159744.2	6246.9	14.1	5319.9	171325.1	171325.1	0.93240395
data	1846	159744.2	6246.9	14.1	5319.9	171325.1	171325.1	0.93240395
data	1847	159744.2	6246.9	14.1	5319.9	171325.1	171325.1	0.93240395
data	1848	159744.2	6246.9	14.1	5319.9	171325.1	171325.1	0.93240395
data	1849	159744.2	6246.9	14.1	5319.9	171325.1	171325.1	0.93240395
data	1850	245257.7	7472	4153.8	2937.9	259821.4	259821.4	0.943947265
data	1851	245257.7	7472	4153.8	2937.9	259821.4	259821.4	0.943947265
data	1852	245257.7	7472	4153.8	2937.9	259821.4	259821.4	0.943947265
data	1853	245257.7	7472	4153.8	2937.9	259821.4	259821.4	0.943947265
data	1854	245257.7	7472	4153.8	2937.9	259821.4	259821.4	0.943947265
data	1855	245257.7	7472	4153.8	2937.9	259821.4	259821.4	0.943947265
data	1856	245257.7	7472	4153.8	2937.9	259821.4	259821.4	0.943947265
data	1857	245257.7	7472	4153.8	2937.9	259821.4	259821.4	0.943947265
data	1858	245257.7	7472	4153.8	2937.9	259821.4	259821.4	0.943947265
data	1859	245257.7	7472	4153.8	2937.9	259821.4	259821.4	0.943947265
data	1860	206514.1	16660.7	6475.9	1831.7	231482.4	231482.4	0.892137372
data	1861	206514.1	16660.7	6475.9	1831.7	231482.4	231482.4	0.892137372
data	1862	206514.1	16660.7	6475.9	1831.7	231482.4	231482.4	0.892137372
data	1863	206514.1	16660.7	6475.9	1831.7	231482.4	231482.4	0.892137372
data	1864	206514.1	16660.7	6475.9	1831.7	231482.4	231482.4	0.892137372
data	1865	206514.1	16660.7	6475.9	1831.7	231482.4	231482.4	0.892137372
data	1866	206514.1	16660.7	6475.9	1831.7	231482.4	231482.4	0.892137372
data	1867	206514.1	16660.7	6475.9	1831.7	231482.4	231482.4	0.892137372
data	1868	206514.1	16660.7	6475.9	1831.7	231482.4	231482.4	0.892137372
data	1869	206514.1	16660.7	6475.9	1831.7	231482.4	231482.4	0.892137372
data	1870	227192.5	40404.4	12416	1206.2	281219.1	281219.1	0.807884315
data	1871	227192.5	40404.4	12416	1206.2	281219.1	281219.1	0.807884315
data	1872	227192.5	40404.4	12416	1206.2	281219.1	281219.1	0.807884315
data	1873	227192.5	40404.4	12416	1206.2	281219.1	281219.1	0.807884315
data	1874	227192.5	40404.4	12416	1206.2	281219.1	281219.1	0.807884315
data	1875	227192.5	40404.4	12416	1206.2	281219.1	281219.1	0.807884315
data	1876	227192.5	40404.4	12416	1206.2	281219.1	281219.1	0.807884315
data	1877	227192.5	40404.4	12416	1206.2	281219.1	281219.1	0.807884315
data	1878	227192.5	40404.4	12416	1206.2	281219.1	281219.1	0.807884315
data	1879	227192.5	40404.4	12416	1206.2	281219.1	281219.1	0.807884315
data	1880	473548.4	42696.7	6994.2	1422	524661.3	524661.3	0.902579245
data	1881	473548.4	42696.7	6994.2	1422	524661.3	524661.3	0.902579245
data	1882	473548.4	42696.7	6994.2	1422	524661.3	524661.3	0.902579245
data	1883	473548.4	42696.7	6994.2	1422	524661.3	524661.3	0.902579245
data	1884	473548.4	42696.7	6994.2	1422	524661.3	524661.3	0.902579245
data	1885	473548.4	42696.7	6994.2	1422	524661.3	524661.3	0.902579245
data	1886	473548.4	42696.7	6994.2	1422	524661.3	524661.3	0.902579245
data	1887	473548.4	42696.7	6994.2	1422	524661.3	524661.3	0.902579245
data	1888	473548.4	42696.7	6994.2	1422	524661.3	524661.3	0.902579245
data	1889	473548.4	42696.7	6994.2	1422	524661.3	524661.3	0.902579245
data	1890	355535.2	3897.2	7486.2	1837.8	368756.4	368756.4	0.964146521
data	1891	355535.2	3897.2	7486.2	1837.8	368756.4	368756.4	0.964146521
data	1892	355535.2	3897.2	7486.2	1837.8	368756.4	368756.4	0.964146521
data	1893	355535.2	3897.2	7486.2	1837.8	368756.4	368756.4	0.964146521
data	1894	355535.2	3897.2	7486.2	1837.8	368756.4	368756.4	0.964146521
data	1895	355535.2	3897.2	7486.2	1837.8	368756.4	368756.4	0.964146521
data	1896	355535.2	3897.2	7486.2	1837.8	368756.4	368756.4	0.964146521
data	1897	355535.2	3897.2	7486.2	1837.8	368756.4	368756.4	0.964146521
data	1898	355535.2	3897.2	7486.2	1837.8	368756.4	368756.4	0.964146521
data	1899	355535.2	3897.2	7486.2	1837.8	368756.4	368756.4	0.964146521
data	1900	805604	36188.8	32354.3	5391.5	879538.6	879538.6	0.915939335
data	1901	805604	36188.8	32354.3	5391.5	879538.6	879538.6	0.915939335
data	1902	805604	36188.8	32354.3	5391.5	879538.6	879538.6	0.915939335
data	1903	805604	36188.8	32354.3	5391.5	879538.6	879538.6	0.915939335
data	1904	805604	36188.8	32354.3	5391.5	879538.6	879538.6	0.915939335
data	1905	805604	36188.8	32354.3	5391.5	879538.6	879538.6	0.915939335
data	1906	805604	36188.8	32354.3	5391.5	879538.6	879538.6	0.915939335
data	1907	805604	36188.8	32354.3	5391.5	879538.6	879538.6	0.915939335
data	1908	805604	36188.8	32354.3	5391.5	879538.6	879538.6	0.915939335
data	1909	805604	36188.8	32354.3	5391.5	879538.6	879538.6	0.915939335
data	1910	432188.7	114367.1	24723.6	2301.7	573581.1	573581.1	0.753491878
data	1911	432188.7	114367.1	24723.6	2301.7	573581.1	573581.1	0.753491878
data	1912	432188.7	114367.1	24723.6	2301.7	573581.1	573581.1	0.753491878
data	1913	432188.7	114367.1	24723.6	2301.7	573581.1	573581.1	0.753491878
data	1914	432188.7	114367.1	24723.6	2301.7	573581.1	573581.1	0.753491878
data	1915	432188.7	114367.1	24723.6	2301.7	573581.1	573581.1	0.753491878
data	1916	432188.7	114367.1	24723.6	2301.7	573581.1	573581.1	0.753491878
data	1917	432188.7	114367.1	24723.6	2301.7	573581.1	573581.1	0.753491878
data	1918	432188.7	114367.1	24723.6	2301.7	573581.1	573581.1	0.753491878
data	1919	432188.7	114367.1	24723.6	2301.7	573581.1	573581.1	0.753491878
data	1920	246319.4	151671.6	11205.9	1524	410720.9	410720.9	0.599724533
data	1921	246319.4	151671.6	11205.9	1524	410720.9	410720.9	0.599724533
data	1922	246319.4	151671.6	11205.9	1524	410720.9	410720.9	0.599724533
data	1923	246319.4	151671.6	11205.9	1524	410720.9	410720.9	0.599724533
data	1924	246319.4	151671.6	11205.9	1524	410720.9	410720.9	0.599724533
data	1925	246319.4	151671.6	11205.9	1524	410720.9	410720.9	0.599724533
data	1926	246319.4	151671.6	11205.9	1524	410720.9	410720.9	0.599724533
data	1927	246319.4	151671.6	11205.9	1524	410720.9	410720.9	0.599724533
data	1928	246319.4	151671.6	11205.9	1524	410720.9	410720.9	0.599724533
data	1929	246319.4	151671.6	11205.9	1524	410720.9	410720.9	0.599724533
data	1930	34756.6	16003.7	1659.5	423.3	52843.1	52843.1	0.657732041
data	1931	34756.6	16003.7	1659.5	423.3	52843.1	52843.1	0.657732041
data	1932	34756.6	16003.7	1659.5	423.3	52843.1	52843.1	0.657732041
data	1933	34756.6	16003.7	1659.5	423.3	52843.1	52843.1	0.657732041
data	1934	34756.6	16003.7	1659.5	423.3	52843.1	52843.1	0.657732041
data	1935	34756.6	16003.7	1659.5	423.3	52843.1	52843.1	0.657732041
data	1936	34756.6	16003.7	1659.5	423.3	52843.1	52843.1	0.657732041
data	1937	34756.6	16003.7	1659.5	423.3	52843.1	52843.1	0.657732041
data	1938	34756.6	16003.7	1659.5	423.3	52843.1	52843.1	0.657732041
data	1939	34756.6	16003.7	1659.5	423.3	52843.1	52843.1	0.657732041
data	1940	62114.7	35480.4	3702.8	2206	103503.9	103503.9	0.600119416
data	1941	62114.7	35480.4	3702.8	2206	103503.9	103503.9	0.600119416
data	1942	62114.7	35480.4	3702.8	2206	103503.9	103503.9	0.600119416
data	1943	62114.7	35480.4	3702.8	2206	103503.9	103503.9	0.600119416
data	1944	62114.7	35480.4	3702.8	2206	103503.9	103503.9	0.600119416
data	1945	62114.7	35480.4	3702.8	2206	103503.9	103503.9	0.600119416
data	1946	62114.7	35480.4	3702.8	2206	103503.9	103503.9	0.600119416
data	1947	62114.7	35480.4	3702.8	2206	103503.9	103503.9	0.600119416
data	1948	62114.7	35480.4	3702.8	2206	103503.9	103503.9	0.600119416
data	1949	62114.7	35480.4	3702.8	2206	103503.9	103503.9	0.600119416
data	1950	132572.7	99694.4	15324.9	3955.9	251547.9	251547.9	0.527027656
data	1951	132572.7	99694.4	15324.9	3955.9	251547.9	251547.9	0.527027656
data	1952	132572.7	99694.4	15324.9	3955.9	251547.9	251547.9	0.527027656
data	1953	132572.7	99694.4	15324.9	3955.9	251547.9	251547.9	0.527027656
data	1954	132572.7	99694.4	15324.9	3955.9	251547.9	251547.9	0.527027656
data	1955	132572.7	99694.4	15324.9	3955.9	251547.9	251547.9	0.527027656
data	1956	132572.7	99694.4	15324.9	3955.9	251547.9	251547.9	0.527027656
data	1957	132572.7	99694.4	15324.9	3955.9	251547.9	251547.9	0.527027656
data	1958	132572.7	99694.4	15324.9	3955.9	251547.9	251547.9	0.527027656
data	1959	132572.7	99694.4	15324.9	3955.9	251547.9	251547.9	0.527027656
data	1960	112349.2	171637.4	42764.2	5416.9	332167.7	332167.7	0.338230358
data	1961	112349.2	171637.4	42764.2	5416.9	332167.7	332167.7	0.338230358
data	1962	112349.2	171637.4	42764.2	5416.9	332167.7	332167.7	0.338230358
data	1963	112349.2	171637.4	42764.2	5416.9	332167.7	332167.7	0.338230358
data	1964	112349.2	171637.4	42764.2	5416.9	332167.7	332167.7	0.338230358
data	1965	112349.2	171637.4	42764.2	5416.9	332167.7	332167.7	0.338230358
data	1966	112349.2	171637.4	42764.2	5416.9	332167.7	332167.7	0.338230358
data	1967	112349.2	171637.4	42764.2	5416.9	332167.7	332167.7	0.338230358
data	1968	112349.2	171637.4	42764.2	5416.9	332167.7	332167.7	0.338230358
data	1969	112349.2	171637.4	42764.2	5416.9	332167.7	332167.7	0.338230358
data	1970	80036.8	198273.5	158817.8	12203.3	449331.4	449331.4	0.178124209
data	1971	80036.8	198273.5	158817.8	12203.3	449331.4	449331.4	0.178124209
data	1972	80036.8	198273.5	158817.8	12203.3	449331.4	449331.4	0.178124209
data	1973	80036.8	198273.5	158817.8	12203.3	449331.4	449331.4	0.178124209
data	1974	80036.8	198273.5	158817.8	12203.3	449331.4	449331.4	0.178124209
data	1975	80036.8	198273.5	158817.8	12203.3	449331.4	449331.4	0.178124209
data	1976	80036.8	198273.5	158817.8	12203.3	449331.4	449331.4	0.178124209
data	1977	80036.8	198273.5	158817.8	12203.3	449331.4	449331.4	0.178124209
data	1978	80036.8	198273.5	158817.8	12203.3	449331.4	449331.4	0.178124209
data	1979	80036.8	198273.5	158817.8	12203.3	449331.4	449331.4	0.178124209
data	1980	76155	361522.5	273815.7	22313	733806.2	733806.2	0.103780808
data	1981	76155	361522.5	273815.7	22313	733806.2	733806.2	0.103780808
data	1982	76155	361522.5	273815.7	22313	733806.2	733806.2	0.103780808
data	1983	76155	361522.5	273815.7	22313	733806.2	733806.2	0.103780808
data	1984	76155	361522.5	273815.7	22313	733806.2	733806.2	0.103780808
data	1985	76155	361522.5	273815.7	22313	733806.2	733806.2	0.103780808
data	1986	76155	361522.5	273815.7	22313	733806.2	733806.2	0.103780808
data	1987	76155	361522.5	273815.7	22313	733806.2	733806.2	0.103780808
data	1988	76155	361522.5	273815.7	22313	733806.2	733806.2	0.103780808
data	1989	76155	361522.5	273815.7	22313	733806.2	733806.2	0.103780808
data	1990	135973.7	448680.6	279567.2	45320.2	909541.7	909541.7	0.149496939
data	1991	135973.7	448680.6	279567.2	45320.2	909541.7	909541.7	0.149496939
data	1992	135973.7	448680.6	279567.2	45320.2	909541.7	909541.7	0.149496939
data	1993	135973.7	448680.6	279567.2	45320.2	909541.7	909541.7	0.149496939
data	1994	135973.7	448680.6	279567.2	45320.2	909541.7	909541.7	0.149496939
data	1995	135973.7	448680.6	279567.2	45320.2	909541.7	909541.7	0.149496939
data	1996	135973.7	448680.6	279567.2	45320.2	909541.7	909541.7	0.149496939
data	1997	135973.7	448680.6	279567.2	45320.2	909541.7	909541.7	0.149496939
data	1998	135973.7	448680.6	279567.2	45320.2	909541.7	909541.7	0.149496939
data	1999	135973.7	448680.6	279567.2	45320.2	909541.7	909541.7	0.149496939
data	2000	178954.3333	506187	377616	105463	1168220.333	1168220.333	0.153185429
data	2001	178954.3333	506187	377616	105463	1168220.333	1168220.333	0.153185429
data	2002	178954.3333	506187	377616	105463	1168220.333	1168220.333	0.153185429
data	2003	178954.3333	506187	377616	105463	1168220.333	1168220.333	0.153185429
data	2004	178954.3333	506187	377616	105463	1168220.333	1168220.333	0.153185429
data	2005	178954.3333	506187	377616	105463	1168220.333	1168220.333	0.153185429
